50 100
3 1
25 13
45 17
47 33
20 15
6 49
27 35
40 46
50 33
31 41
6 33
11 27
18 24
28 14
25 50
40 14
7 19
27 13
9 24
39 17
37 44
43 49
5 33
40 17
28 49
43 31
4 33
28 5
7 14
40 19
40 47
24 14
15 3
27 46
41 4
47 1
18 3
6 14
50 15
15 1
26 38
16 4
39 21
11 13
24 1
6 49
7 45
41 45
7 19
34 47
36 30
49 13
26 5
24 47
25 35
10 25
49 13
38 15
29 25
41 13
37 17
23 15
50 1
1 33
48 39
47 3
21 30
36 15
17 47
11 50
4 33
33 32
33 32
12 38
6 45
22 28
18 23
19 35
9 47
26 18
37 29
33 32
10 33
16 23
49 35
38 3
46 45
43 46
12 33
16 2
21 31
4 33
46 17
35 15
34 1
14 15
12 23
26 49
39 3
6 7
