20 100
9 14
2 3
18 20
9 4
14 12
10 16
17 6
13 17
18 16
14 3
4 18
4 11
4 6
3 16
16 7
5 13
18 6
9 7
18 16
5 15
15 18
16 20
17 20
7 13
20 19
4 16
5 7
10 4
10 16
13 20
16 17
5 11
15 1
16 17
11 16
18 13
18 6
7 6
18 20
7 17
2 16
16 13
11 1
1 13
2 6
6 20
4 6
11 6
6 20
13 20
3 6
1 12
17 20
8 7
15 6
8 3
4 20
6 20
11 12
17 20
12 20
17 6
18 6
11 18
17 20
2 11
1 13
6 20
9 3
7 17
12 20
5 18
20 19
2 13
5 17
1 17
18 17
14 11
5 17
12 18
9 2
3 7
12 6
9 14
5 3
12 20
4 13
18 7
20 19
6 20
12 18
6 20
9 18
17 6
20 19
5 18
9 1
16 17
12 20
5 16
