100 500
81 23
38 87
36 25
65 33
25 50
41 64
82 3
63 30
77 94
98 58
37 8
67 41
58 39
34 74
58 93
78 27
80 34
68 42
80 68
51 89
20 68
73 57
25 90
75 21
89 93
71 52
44 24
39 21
51 83
51 49
55 29
15 89
81 79
89 41
70 17
95 42
8 18
32 40
70 17
31 41
38 31
16 86
44 95
39 41
4 97
12 83
98 93
33 27
52 95
39 92
88 32
4 48
27 95
65 31
62 50
9 40
65 61
85 66
74 42
38 71
95 42
78 92
60 36
39 91
18 74
27 18
24 69
35 5
57 23
69 66
46 50
64 61
75 26
84 20
44 48
91 92
88 80
14 21
42 2
51 83
26 97
90 31
94 66
55 93
27 29
65 74
71 66
10 74
69 64
9 52
8 35
82 17
30 62
70 73
74 42
82 64
47 97
65 87
39 92
83 23
3 80
66 41
91 23
16 36
82 67
22 50
8 27
44 100
38 55
79 7
96 34
18 74
52 27
85 74
19 95
89 59
8 58
89 59
41 23
81 30
70 95
34 64
8 18
67 93
20 97
75 68
19 95
88 30
82 45
39 91
8 58
24 89
63 47
68 59
52 69
82 61
14 61
39 74
43 26
85 8
41 27
42 2
94 61
90 80
52 68
1 29
7 67
33 80
8 49
11 3
41 95
1 90
46 84
74 95
98 14
44 42
28 52
92 41
70 90
24 20
81 89
42 2
91 42
7 92
65 96
99 91
61 29
14 42
21 29
18 29
65 100
96 66
52 31
56 29
60 73
36 89
77 61
58 91
41 59
1 52
75 62
5 67
13 75
54 18
21 74
12 39
80 69
44 100
85 18
23 42
80 21
28 6
47 39
10 68
69 34
99 34
94 66
99 20
83 34
78 18
64 42
55 92
77 79
78 92
16 32
97 31
9 66
73 82
10 15
63 79
21 34
29 74
87 3
11 17
28 49
11 41
28 90
63 21
50 97
36 93
81 8
12 91
91 29
75 37
64 18
54 68
77 3
45 64
50 20
98 34
24 80
81 25
74 42
75 3
94 22
70 100
74 95
22 7
86 23
74 42
92 41
12 96
72 52
80 29
80 42
55 24
77 31
85 38
13 41
29 42
60 59
27 64
96 3
31 93
38 42
14 21
86 54
42 2
9 84
47 58
43 33
25 95
61 74
79 57
20 74
6 23
36 25
77 94
35 20
12 30
8 45
94 14
65 1
63 80
75 100
84 61
68 95
40 14
87 78
19 20
9 34
66 41
91 41
52 98
90 31
29 42
100 67
93 59
39 64
69 93
22 25
27 29
22 96
38 89
8 80
92 68
80 31
84 27
57 97
32 45
47 62
57 58
43 3
6 89
89 68
36 32
63 42
60 67
6 9
93 23
80 41
65 5
89 23
42 2
10 51
94 55
20 89
6 32
30 32
32 41
18 74
22 54
47 91
47 97
58 80
4 74
35 39
91 69
93 61
40 74
84 98
67 93
18 42
56 27
68 59
17 9
64 74
32 97
33 1
7 89
25 66
6 82
86 83
89 61
25 45
93 95
85 39
64 61
37 83
54 96
26 40
34 18
57 69
62 91
81 12
37 19
84 1
79 54
65 66
8 96
90 68
51 34
19 41
56 98
62 49
71 18
21 29
20 31
72 62
17 74
90 34
40 97
9 74
99 89
3 80
99 76
98 34
11 50
58 42
25 68
81 69
68 41
31 41
98 59
62 83
4 31
82 31
90 14
13 87
46 74
55 20
21 64
71 69
87 27
32 18
100 20
55 98
35 41
12 24
58 97
1 74
46 33
61 74
28 18
23 74
41 27
13 8
57 97
17 67
35 80
17 22
34 59
42 2
89 74
29 95
16 11
38 45
8 6
1 34
41 23
83 52
91 64
41 23
45 49
92 23
36 84
50 68
88 95
48 80
88 96
74 95
95 42
33 93
61 95
84 95
71 3
12 68
38 56
6 59
54 34
43 39
14 61
14 31
67 39
74 42
55 59
30 33
47 18
26 40
27 42
36 55
94 95
75 35
70 50
26 64
54 3
94 52
15 62
20 3
40 89
53 7
34 74
61 74
82 17
99 40
19 51
90 31
79 80
23 61
37 45
12 37
79 18
99 91
11 33
12 98
16 29
87 34
26 31
60 59
47 90
29 95
96 24
5 83
12 36
98 66
18 61
30 33
27 64
46 20
16 9
93 29
84 52
4 84
32 51
74 42
68 95
58 95
90 80
77 51
49 89
