300 1000
139 292
63 112
258 177
121 28
78 283
241 170
112 269
10 271
288 246
134 38
4 56
28 225
94 156
248 225
204 212
150 197
97 105
192 113
184 165
249 113
37 218
14 93
105 293
193 198
277 300
64 218
140 138
8 14
208 36
181 4
133 127
27 29
80 99
197 22
248 145
111 213
272 225
61 81
23 38
43 15
265 139
205 3
138 19
8 196
206 55
137 138
189 158
216 198
38 263
259 19
82 100
271 246
279 166
147 59
74 245
158 17
247 60
275 48
9 17
19 248
160 238
152 196
52 165
66 244
120 287
110 180
201 60
103 285
263 293
80 270
283 292
264 236
136 236
185 263
214 84
76 188
162 20
212 145
281 225
116 204
49 165
47 169
296 120
92 184
285 22
100 138
106 291
180 176
159 169
18 260
210 260
125 138
291 29
3 56
8 229
59 260
201 44
266 295
158 188
144 138
162 227
173 233
15 256
169 24
197 142
33 181
115 225
267 181
245 86
25 8
149 150
61 212
36 244
41 140
31 164
13 184
204 137
271 191
23 277
9 201
288 28
229 197
273 60
63 140
172 93
178 263
221 75
144 105
166 286
29 225
14 48
266 29
22 5
208 194
74 218
212 210
166 165
49 145
112 225
136 99
8 215
217 133
20 291
156 120
135 200
63 232
84 296
170 9
200 136
193 256
104 105
54 293
118 145
71 275
172 227
107 290
236 81
113 230
1 80
39 247
257 83
28 12
106 103
268 258
95 236
114 97
212 295
252 257
62 89
269 105
269 274
262 76
150 192
23 39
2 99
36 248
126 278
162 5
296 268
159 298
37 17
206 14
195 137
180 20
106 38
20 22
209 300
222 259
1 105
73 164
227 135
269 295
156 19
1 132
110 300
116 293
281 120
193 144
274 230
17 142
102 259
100 259
209 156
75 137
228 113
36 210
76 5
297 95
218 291
174 166
276 233
16 266
286 103
2 225
28 191
32 6
26 153
26 198
232 292
199 264
240 171
29 258
79 188
48 235
49 165
228 198
136 191
159 6
134 245
281 52
172 18
179 205
147 182
161 259
57 101
222 289
103 210
109 62
186 100
115 218
300 225
130 22
292 120
69 192
258 177
255 99
299 260
37 38
103 120
8 174
119 76
190 296
136 109
266 56
252 89
224 55
84 197
269 237
259 115
4 256
85 15
195 16
194 236
112 300
113 268
110 111
221 249
35 255
99 287
240 233
41 104
68 179
249 248
284 5
216 117
178 17
266 168
238 173
254 280
17 300
31 257
131 115
205 93
279 9
157 219
65 19
89 2
293 291
185 54
134 251
74 56
106 93
37 53
119 300
69 284
208 53
179 104
140 237
80 202
97 90
267 57
172 156
14 197
214 296
53 145
293 291
234 138
48 153
240 198
162 120
273 210
40 235
26 127
65 266
261 278
272 153
246 242
50 273
114 191
242 168
70 54
79 156
298 218
91 125
91 268
156 296
62 256
291 56
173 7
138 29
130 70
166 53
93 127
75 82
193 104
101 230
57 138
198 56
89 258
286 225
93 212
122 51
218 49
256 248
86 300
238 255
242 105
218 258
275 61
214 17
142 145
231 203
77 148
58 140
248 260
247 273
70 56
158 142
195 148
284 198
228 175
136 127
268 3
95 273
156 248
30 113
190 150
66 164
181 168
269 175
2 37
85 249
252 101
164 49
43 100
41 62
196 218
241 90
201 145
260 300
136 38
254 44
178 198
82 191
207 202
12 99
5 3
137 156
289 259
77 248
129 202
23 19
87 263
277 142
100 195
233 156
188 300
65 4
141 266
289 77
140 113
263 268
152 4
38 181
282 127
71 209
11 233
85 283
226 14
193 77
108 165
267 197
102 72
30 73
172 41
298 105
87 256
108 99
13 201
143 235
19 291
115 86
64 281
248 258
108 49
215 268
55 222
158 78
146 196
181 295
245 293
260 3
87 56
243 224
89 248
297 173
241 108
228 197
24 81
171 34
7 53
160 222
206 151
76 232
61 104
162 164
247 263
258 177
37 233
11 255
60 168
101 258
98 197
89 13
45 280
245 285
198 79
161 17
62 268
13 298
106 3
189 232
215 256
58 24
132 121
286 65
180 12
273 5
251 295
205 257
229 279
217 252
90 196
120 210
65 263
240 273
105 12
174 37
292 210
146 33
229 259
248 296
180 17
111 191
49 3
207 272
229 201
24 29
34 70
117 141
49 258
56 258
22 212
203 281
114 283
194 225
264 198
103 248
168 295
32 264
244 202
199 65
62 113
251 228
196 56
237 120
223 155
6 15
139 47
218 165
181 292
206 47
278 158
83 12
98 61
161 219
128 236
46 25
195 292
12 291
195 45
258 177
270 119
18 4
207 138
134 259
194 184
182 137
247 189
71 129
156 142
129 32
225 258
244 120
277 26
256 292
279 20
36 296
138 19
92 229
82 212
143 178
198 145
205 49
116 134
105 145
236 212
170 104
21 281
295 291
28 29
134 281
244 33
83 259
285 212
182 5
30 108
254 124
203 205
268 287
166 148
101 44
295 268
92 29
8 83
144 17
226 300
268 5
251 28
179 196
170 10
266 3
42 79
166 233
151 239
144 269
258 177
274 225
172 106
49 29
203 50
166 292
229 2
255 82
96 260
126 148
118 227
153 38
283 29
138 49
215 226
132 5
203 143
115 37
288 180
299 191
141 54
180 12
286 50
259 191
160 33
102 148
69 233
288 64
172 62
84 295
107 255
214 237
11 291
272 92
151 283
28 149
283 291
18 196
135 260
197 142
158 103
249 134
69 28
111 270
52 104
248 86
216 95
137 142
291 225
95 236
21 277
119 48
8 247
115 237
162 24
120 258
62 296
239 73
287 56
5 258
176 181
85 11
269 48
8 111
216 81
256 225
170 260
276 112
46 179
30 2
103 258
26 184
224 20
137 201
216 48
95 218
17 20
285 300
183 292
17 20
58 174
179 295
161 6
185 285
113 86
289 79
284 10
192 181
220 82
153 296
279 120
218 258
191 218
246 22
249 17
17 296
237 295
210 225
40 213
252 237
186 60
101 175
1 37
77 142
206 213
114 138
173 233
243 85
76 162
268 145
284 212
186 115
138 3
128 55
141 240
114 79
154 76
52 287
159 296
167 211
182 260
112 127
1 258
207 168
86 165
124 17
116 200
67 267
61 196
78 300
192 155
216 168
273 237
43 299
249 105
244 108
45 287
277 60
264 5
211 31
147 266
234 159
291 258
243 42
131 148
192 49
117 242
87 99
172 279
289 49
122 35
34 287
19 29
9 258
68 72
97 81
61 161
70 208
201 256
159 150
152 212
176 74
117 242
215 145
271 137
83 299
179 115
203 165
29 56
140 105
262 39
244 56
45 259
27 258
145 258
129 95
270 29
32 27
61 263
215 197
38 105
188 24
191 233
137 27
50 249
102 89
75 131
5 49
150 165
144 76
226 165
95 5
210 287
134 104
133 3
242 65
58 188
157 108
258 177
11 220
155 2
96 138
192 17
136 293
227 104
116 83
82 24
191 197
93 113
113 225
155 168
299 255
120 145
268 300
106 87
178 125
6 232
290 194
115 230
298 60
212 218
209 292
91 226
273 300
71 111
217 181
289 133
52 108
40 104
197 181
244 210
35 37
290 189
129 270
147 101
147 241
234 91
260 300
282 121
14 224
121 252
40 136
9 56
230 285
190 289
39 37
116 89
269 215
183 47
130 285
169 179
3 225
30 63
208 145
246 80
127 300
91 88
70 281
29 258
1 176
238 249
81 19
8 292
104 263
108 287
48 258
217 283
227 105
86 268
145 3
87 180
86 99
264 272
101 277
218 287
134 210
160 281
280 39
32 103
163 83
30 132
50 175
121 270
139 53
141 24
69 86
202 175
25 297
140 164
69 18
9 103
131 171
270 285
116 123
140 263
43 278
272 287
155 106
110 156
240 194
281 202
209 200
243 32
69 179
263 296
21 250
24 19
52 81
22 296
142 5
293 266
202 258
292 291
7 216
53 181
270 197
197 295
143 17
28 108
143 22
57 27
226 113
150 300
101 197
49 145
138 99
143 148
219 256
54 27
20 108
91 269
133 65
107 35
139 175
221 184
176 237
237 19
238 161
256 99
289 4
14 17
176 296
169 175
83 256
69 130
209 201
193 248
247 48
113 3
224 188
239 175
222 24
297 225
133 114
300 3
128 12
32 153
237 248
288 199
85 105
226 77
206 242
284 249
29 56
143 164
20 22
65 142
125 32
294 10
31 92
90 143
168 56
146 113
198 60
194 287
73 267
125 148
284 101
219 151
53 29
298 139
103 145
95 263
279 236
130 267
26 173
239 137
73 165
245 22
58 252
297 202
104 237
110 298
78 275
292 300
31 191
71 38
263 103
217 213
255 242
100 274
74 170
246 105
42 2
58 55
202 245
68 56
79 99
15 212
145 258
225 56
279 48
33 63
157 143
19 296
142 300
255 60
165 56
77 24
114 281
291 3
56 258
202 140
194 202
