30 100
28 13
28 2
30 19
26 17
21 1
29 15
2 1
7 18
9 1
7 14
19 18
14 1
24 3
7 18
5 19
7 14
2 19
2 14
8 1
16 7
3 18
27 1
25 1
16 1
14 18
25 24
20 19
25 12
23 1
1 22
5 4
3 21
18 1
21 1
17 18
12 14
8 30
29 14
23 21
17 19
17 16
27 2
20 9
26 21
27 9
28 15
19 18
8 18
29 19
29 18
21 1
9 16
10 8
24 2
6 18
6 8
30 16
20 19
28 20
17 29
10 2
25 10
8 19
23 17
3 6
5 30
23 10
24 20
16 1
24 16
5 9
30 20
7 1
6 18
24 30
11 19
26 16
30 21
13 24
17 16
14 21
21 1
18 1
16 12
27 18
9 21
15 2
29 14
18 21
21 1
16 7
12 21
9 21
15 18
16 12
24 18
5 16
2 3
29 18
9 26
