100 500
27 77
31 12
65 78
88 19
67 57
55 44
89 31
81 96
76 91
78 11
64 68
88 54
42 82
100 80
71 19
93 1
69 17
22 84
64 80
4 23
91 94
79 21
6 97
39 17
4 3
22 60
83 81
79 28
40 48
11 72
75 44
81 12
89 56
71 76
25 74
54 51
70 43
36 93
16 75
77 42
59 2
87 35
18 19
53 26
1 75
62 25
90 85
56 5
83 80
93 51
9 52
59 31
96 91
6 34
48 23
9 12
3 8
61 19
50 81
47 90
55 70
23 8
10 38
22 95
30 76
58 8
72 7
75 49
41 50
65 23
40 70
60 28
15 19
47 80
48 81
52 54
43 91
34 38
83 49
84 8
39 96
72 75
82 96
71 97
87 68
50 80
48 31
84 82
52 7
100 15
5 44
22 96
21 96
70 49
67 82
11 1
49 51
60 83
11 19
87 42
78 77
62 36
79 44
21 81
78 42
99 31
98 8
13 53
93 14
98 8
65 82
39 51
4 14
84 58
22 59
44 51
46 91
47 56
15 76
93 84
14 96
32 76
43 97
98 46
25 74
6 61
14 91
3 1
39 67
21 82
28 19
91 94
37 26
50 96
91 94
71 80
34 99
25 18
74 49
41 31
86 26
41 80
17 67
24 88
1 79
78 48
51 82
69 5
66 50
71 42
71 14
8 14
97 75
84 82
75 82
41 25
40 25
41 8
73 42
50 91
36 71
11 83
27 51
84 81
26 96
99 100
30 82
44 96
8 12
3 51
32 36
66 82
29 54
78 30
93 28
54 18
57 15
73 12
63 64
38 60
20 88
4 8
88 28
50 42
45 31
30 76
2 60
76 91
11 96
60 30
24 90
43 79
32 5
31 42
20 95
7 86
43 15
26 28
99 1
100 36
72 96
82 76
66 50
73 19
37 56
70 91
29 96
27 76
77 23
64 75
20 17
98 83
81 91
78 27
14 12
41 8
78 36
14 81
62 31
23 76
22 30
36 18
84 88
35 14
34 100
76 91
9 64
13 100
36 14
10 38
49 44
26 49
17 28
85 76
38 82
27 44
13 96
98 91
3 50
67 12
85 49
36 19
8 91
32 19
37 53
48 35
35 71
66 96
48 74
46 82
10 84
35 44
56 42
3 58
91 94
33 75
42 76
57 11
54 42
4 83
73 44
47 13
81 82
7 75
76 91
92 32
30 74
42 14
59 51
50 79
21 91
30 98
53 4
95 83
23 91
13 60
49 82
37 73
65 70
88 54
93 51
15 81
2 51
77 80
26 71
37 70
34 26
65 42
48 76
34 84
52 97
34 80
60 8
95 60
83 74
48 81
54 42
96 76
30 12
29 39
65 80
89 84
83 73
51 96
16 42
33 1
4 44
53 51
35 54
3 50
74 81
35 28
93 31
32 79
100 31
3 91
74 81
46 54
77 99
92 82
69 60
45 50
38 98
74 81
42 44
81 12
21 96
18 21
2 83
74 76
25 58
2 79
67 91
26 70
93 12
22 25
96 91
36 15
25 17
52 7
64 75
30 58
22 44
54 76
44 19
57 96
65 25
88 15
18 75
96 91
87 52
62 53
14 12
95 77
66 48
76 91
5 27
34 1
95 80
26 31
89 45
75 15
79 28
51 76
75 28
14 96
88 80
35 15
76 91
69 82
27 19
19 81
51 14
46 71
87 90
19 14
40 86
31 18
65 33
92 51
10 38
9 90
64 38
69 81
93 80
61 93
3 66
27 15
77 81
43 56
80 15
29 48
11 14
67 58
90 62
12 76
20 31
77 12
11 15
46 12
66 54
8 81
39 74
17 96
29 12
82 76
49 28
46 44
65 25
12 91
54 51
7 42
12 91
99 28
88 4
80 96
100 97
40 19
34 83
27 75
34 38
64 33
30 50
60 73
38 17
96 76
84 74
13 40
65 40
67 19
43 15
12 96
32 12
4 97
41 80
67 58
24 86
89 93
3 23
33 42
2 73
67 54
31 80
7 21
71 73
66 75
68 51
68 58
37 31
85 15
84 97
3 50
92 63
97 81
53 60
56 91
82 12
55 80
31 91
53 67
35 74
96 76
70 73
25 71
10 44
7 54
60 18
66 12
88 74
46 41
34 14
90 72
35 12
26 21
12 76
50 81
3 31
41 51
26 91
81 91
35 45
90 59
90 8
44 19
25 23
98 21
25 82
4 76
37 69
84 85
24 48
27 85
10 80
59 80
8 14
93 31
45 59
64 42
10 97
79 75
